24585.902722021357
24538.20899040165
23895.828928315335
23724.138568006907
24223.030317169778
24884.237045800714
25793.401838276517
23657.882200654585
24445.615445372463
24635.691888850848
42939.522302088
42706.70209522878
42165.18716766709
45347.074057242986
42434.12253652908
43082.23101863632
42190.59780570229
45265.47342953919
43567.49123721634
44796.62564545861
60016.555160883436
62228.221155535895
59963.29574292337
60644.21002126462
61338.95918218701
59161.86813069533
61696.08088007535
61727.455408510046
59618.00630370384
60242.912600196585
59442.47029270051
61629.336003836695
62259.544636513514
59578.22759309828
59078.36643133076
60238.933738842934
60525.76683341322
61638.39957329195
62032.59470601937
59050.473618283795
109220.63965455846
109960.33985101093
108648.75672874824
109510.79180593524
110834.24357614326
110366.83878283913
109152.6065487379
109137.66252369092
110123.06380840516
107162.11982714011
149765.67313406535
156084.2694184964
149433.9023047662
152244.81357665357
150469.52641252367
150132.7456817513
148697.05841098755
149906.63525697065
155209.9243673914
154818.7943039536
120234.91672744068
117955.16423567141
121213.32587094096
120888.52459288934
122426.49394760317
122125.9705465494
119218.75798784902
120643.12782580646
121663.28075534584
120800.67536457654
218500.08324858887
221272.4054965646
217615.79702463816
223653.20947195677
219067.4666681305
220616.9622414161
220076.5478193121
218282.70590709598
217059.90360056065
219812.82297558727
295896.3769729564
308157.59683271387
299878.6350582244
306554.1294350862
300412.55796555284
302661.7501259355
301400.2453626876
306517.27306266327
302896.7613414424
299973.7177580351
23480.639351670045
23220.68577706712
22493.743573303065
23087.472427317847
23073.878253808263
23053.487344176327
22257.792598902804
22964.16871088587
22882.43779612371
23090.58425222369
41712.63595906828
42597.31960443503
42759.31860446574
45959.36309603317
42183.118254476874
43377.96293851003
43927.938964111105
43335.82708385018
42611.60129656723
41542.785009868116
57626.33432833862
59268.56195858065
58654.69243288564
62202.247435195524
61170.23737099463
61688.38997244497
56663.343754247406
59663.685279081714
60518.79513200356
60986.05716018931
59489.33923705148
59024.30161772978
58413.15012782138
61262.99695430719
58363.34157209658
59052.32728776007
58894.666665056466
59204.526838140315
59701.693112187946
59495.15937798727
111147.15300823649
108947.61746566763
109211.36647226811
110306.49458832892
108728.51736059548
111106.79918295694
106371.33257555868
106922.73460371353
110094.44233544807
106973.07189753457
152031.38662806034
149021.6164979656
152141.25986605237
151490.02143023917
152169.55171324828
152326.75542304668
153365.43618538658
153765.16339486802
149372.82630134647
149916.72244708333
118019.47687628717
119437.28754516532
119405.70000893495
119066.09340203422
116697.95499957424
119709.9542679007
120033.3123579083
118545.70561419423
118001.5964212345
119440.64465777067
217552.91667010298
219255.19173384528
217987.78166335187
217040.669991398
214010.3138414391
215261.33241395978
218109.1985197208
220175.55899612125
214561.04136993585
221083.63677753293
304555.0316073205
302552.9692943242
302581.54376963776
300956.722813821
304584.7348471613
301952.5157043914
305139.7265176932
296636.5733847637
301547.6273838447
307249.99466534983
22579.069211508275
22367.844631374628
21270.50136528894
22049.634467958018
22531.45466876141
22910.07235584546
22530.091561274094
22088.758695812743
23201.206906052797
21524.81814048555
41276.36234167626
41866.73365887642
42232.96063982157
41634.87503625271
41410.884849554386
41603.1635565315
41616.13033423196
43388.04930906641
42656.56292574353
42262.70236817439
57987.77107201644
60486.824868933
58541.84304052784
61239.52428855258
59380.82017059706
60452.579963830845
58635.340471235424
59550.70867298567
59520.22008712008
61140.159137037415
57430.14805571256
59080.03135527816
57176.741169019166
57568.92030192779
57277.69576107027
57844.080771562396
56922.69456419529
57106.212879015264
58097.72798396898
57036.642112461035
108258.06938620919
108899.80003137852
106905.71505232829
107396.61415417785
107954.09221314553
107763.20907173352
106850.85514483022
104574.08643122856
107373.84099387196
106321.77905873516
150574.3175868256
150341.49610515992
153434.28875822684
153689.77130346477
150697.7267468807
148996.54437454522
147914.6749507606
153312.33568528233
150037.9021029146
150037.6618592416
116619.0081179599
115370.1300308909
117342.45145953368
115946.40474979537
117079.28723463578
116377.55190353122
114689.65116491966
114847.82825673265
115902.60715070153
117668.77110146348
218601.52123932133
215074.71096108723
216401.06546378706
218350.4832883947
216094.50995565698
216327.35470758934
216376.3035144915
217014.08904147352
217839.181833886
215218.47531824326
302038.7576873736
300454.99589545187
305501.20796059124
302456.21345009195
304901.3509988184
297409.4372798327
303765.88127383176
307402.4960390786
303605.9238885301
301020.62978096964
